java:

#####run 1####
[5353, 3436, 5927, 4007, 7842, 5237, 7245, 2402, 540, 6167, 7031, 430, 7983, 1003, 105, 73, 6399, 1933, 2699, 6251, 3435, 7004, 4623, 7822, 2489, 7418, 8590, 5049, 2865, 4261, 1810, 8391, 2169, 8061, 2635, 5489, 4550, 3432, 1961, 5331, 3370, 1987, 4695, 1262, 944, 2022, 6052, 4499, 560, 2515, 1134, 744, 6189, 4943, 4434, 2391, 1977, 8365, 6815, 8057, 8672, 5469, 159, 5439, 8611, 1121, 397, 2371, 437, 5792, 2834, 3561, 8487, 7015, 1762, 2420, 2266, 6840, 527, 1462, 5959, 1670, 2703, 7932, 6583, 5194, 4227, 3750, 8328, 7717, 426, 1682, 815, 5604, 1860, 570, 238, 7643, 8173, 5310]
#####run 2####
[13, 7037, 8367, 3599, 1270, 1194, 301, 4171, 4295, 490, 6007, 3328, 5740, 6445, 5658, 3799, 1709, 4210, 620, 7991, 160, 3958, 6933, 5533, 3440, 2544, 6509, 1268, 6930, 8071, 3095, 4329, 4546, 1710, 8630, 6430, 716, 2168, 7832, 8302, 2667, 2254, 4088, 3229, 5125, 8077, 1509, 667, 4290, 850, 1202, 5175, 7777, 7235, 3260, 5402, 2517, 1056, 4143, 2574, 362, 7463, 101, 8229, 4814, 4416, 8235, 7182, 1380, 8519, 4940, 8101, 2665, 2750, 2305, 4641, 4823, 3522, 6096, 345, 2116, 7959, 1863, 3445, 2532, 8501, 3969, 3154, 4405, 593, 3618, 791, 8460, 106, 5670, 5721, 4934, 2426, 2315, 2379]
#####run 3###
[3711, 7898, 269, 6923, 3479, 3825, 5488, 5778, 1817, 2886, 2094, 7016, 4677, 3215, 989, 388, 3382, 8068, 582, 648, 5493, 71, 1439, 3359, 4755, 8329, 3919, 4448, 6293, 3408, 4484, 6175, 5204, 776, 2051, 8365, 7754, 2309, 1245, 84, 800, 2979, 7019, 2616, 2703, 2087, 8343, 103, 5416, 469, 4581, 8696, 552, 2154, 1519, 4320, 4867, 5420, 799, 2166, 7868, 2421, 3948, 6699, 2810, 562, 686, 1005, 3459, 7318, 8308, 1411, 3415, 8054, 1860, 6423, 7922, 2633, 1007, 4721, 3706, 2122, 53, 572, 1656, 4859, 8185, 7510, 3735, 8465, 5653, 4074, 2739, 3162, 5116, 6936, 5568, 6444, 4759, 802]
#####run 4###
[2804, 8114, 7867, 4613, 7244, 5001, 1176, 3991, 6016, 185, 4726, 8018, 3113, 5533, 1272, 2487, 3524, 1388, 2195, 6127, 2588, 4592, 7790, 6987, 558, 2963, 5319, 1620, 5208, 448, 4416, 738, 2045, 7663, 1378, 6553, 3998, 356, 1354, 6794, 2041, 7231, 7060, 8140, 7372, 4390, 4658, 2642, 6563, 5636, 1039, 3822, 2366, 344, 722, 4379, 1245, 3561, 8417, 2911, 7549, 872, 8006, 4173, 6835, 3818, 3441, 4113, 1283, 2035, 835, 35, 1607, 2927, 7081, 7779, 2889, 5400, 3652, 177, 7724, 3735, 7597, 1609, 4749, 479, 304, 3938, 6541, 212, 1047, 6259, 2380, 1759, 5917, 4676, 5855, 4355, 5184, 6537]
#####run 5###
[2642, 125, 2579, 5275, 1267, 3376, 2316, 6385, 4591, 560, 6773, 2564, 2333, 7345, 7438, 191, 9, 3393, 3863, 6302, 2597, 4188, 6889, 1488, 8304, 997, 1727, 7382, 1594, 4212, 1790, 1433, 3984, 3647, 6067, 7563, 2820, 3138, 49, 3176, 5990, 444, 4179, 7217, 8252, 280, 7123, 8446, 5613, 7442, 62, 2461, 5996, 8032, 1644, 925, 2135, 1732, 3577, 7016, 4878, 8218, 8043, 3086, 3619, 2002, 2481, 6969, 1128, 861, 3633, 8052, 1384, 8356, 6143, 7510, 1527, 3210, 6510, 2835, 982, 4292, 1643, 6043, 2775, 1451, 3738, 3689, 4867, 268, 2440, 3103, 2664, 8318, 712, 5252, 4784, 6171, 6248, 3105]



python:
######run 1#####
[749, 6867, 555, 3593, 9010, 7046, 1721, 5935, 1048, 9709, 3325, 4060, 4483, 1434, 5065, 9611, 9806, 7194, 6077, 3899, 1717, 3908, 128, 7989, 4274, 1498, 601, 3866, 5239, 11274, 1889, 5924, 6101, 8102, 6597, 7758, 7849, 10509, 83, 7687, 7311, 5724, 3746, 8660, 9410, 3739, 3761, 10586, 12888, 9358, 8379, 12092, 11004, 10204, 8358, 1845, 5669, 155, 7977, 8638, 6687, 11302, 656, 11168, 7795, 7182, 10424, 9391, 7307, 1049, 8219, 9989, 10439, 10502, 7910, 3458, 5811, 9537, 1081, 6587, 10145, 12498, 11595, 3983, 11960, 5764, 9467, 1513, 9394, 8158, 9653, 1723, 1203, 1646, 8921, 9649, 12096, 1902, 213, 5718]
#######run 2#####
[6696, 12089, 2106, 11095, 10848, 1299, 12543, 6430, 1338, 11074, 10371, 9533, 4007, 1129, 6401, 10619, 11493, 3222, 2131, 365, 6560, 4920, 12588, 10918, 8479, 7831, 5373, 1943, 7305, 4211, 13176, 10698, 5653, 602, 1396, 7152, 7297, 10176, 8952, 5991, 9655, 2101, 8941, 12952, 7281, 90, 1892, 8112, 11912, 3205, 7524, 6990, 3971, 7975, 1350, 12468, 13168, 12656, 8734, 7836, 10533, 5441, 7454, 11780, 3646, 4456, 10177, 7582, 4156, 996, 5520, 1055, 2202, 12025, 12374, 5886, 1638, 6688, 8547, 12848, 1115, 3719, 8024, 3851, 8058, 1556, 6423, 9108, 5938, 11471, 6809, 4428, 6428, 1006, 893, 6892, 1361, 4770, 9800, 1053]
########run 3###
[606, 3300, 3398, 914, 5961, 7187, 2081, 616, 8897, 9978, 4880, 7959, 7170, 12830, 4949, 4290, 10657, 2101, 10513, 3669, 11278, 11578, 5925, 5003, 11478, 12068, 12237, 3364, 9606, 3910, 3912, 6801, 12347, 1746, 11793, 3783, 12627, 3159, 2205, 4274, 7036, 1684, 7939, 1483, 84, 2793, 7571, 12088, 10720, 12524, 1224, 11828, 4658, 3153, 5990, 10704, 4748, 5753, 10342, 1752, 12811, 5542, 8859, 8303, 8441, 10611, 8809, 2120, 3592, 13113, 12360, 10781, 10521, 10162, 8056, 3671, 4796, 4572, 3101, 9997, 3351, 7998, 7908, 8584, 10156, 3258, 11, 8370, 11952, 2067, 12936, 10319, 63, 795, 6297, 8770, 1135, 1961, 7903, 7878]
########run 4###
[8354, 5098, 3762, 8197, 9823, 5192, 1882, 4436, 12605, 3979, 5589, 11623, 2625, 8388, 628, 11957, 3283, 12207, 3861, 2198, 8725, 12841, 5942, 12418, 8342, 4669, 9681, 11593, 11695, 3033, 5949, 11471, 11983, 13132, 5828, 2998, 7061, 13120, 12523, 7709, 12574, 8875, 11025, 10582, 13113, 2809, 12927, 7416, 5691, 4716, 10359, 2810, 11312, 2730, 3260, 12172, 1569, 9614, 2984, 4775, 307, 3882, 6762, 7614, 3555, 8890, 5712, 10095, 10180, 2436, 2923, 12616, 11422, 5891, 12400, 886, 2283, 2445, 7539, 7916, 7892, 3245, 8136, 11409, 3522, 7130, 5320, 6829, 11843, 1705, 9146, 2227, 10110, 962, 11397, 7674, 9168, 12721, 6439, 10841]
##########run 5#####
[6385, 3928, 3138, 1637, 9047, 6589, 3904, 7801, 7528, 692, 5300, 9312, 11207, 11912, 11936, 6388, 1088, 9385, 741, 3602, 3967, 11033, 2137, 10088, 7244, 7756, 2283, 2631, 9375, 1325, 1740, 10348, 12158, 5367, 1783, 10361, 8263, 1330, 9714, 359, 6425, 5780, 5904, 678, 5239, 11004, 6614, 1808, 4926, 9991, 3055, 13021, 2886, 8544, 3326, 2804, 4383, 11293, 8232, 5073, 9471, 4762, 11078, 4214, 8905, 12021, 2393, 2711, 3578, 5567, 4695, 4087, 1717, 8762, 5814, 8092, 9980, 6418, 12209, 5346, 5021, 9732, 4657, 7292, 9173, 4680, 6203, 59, 5028, 4982, 7964, 2520, 12393, 2682, 529, 12718, 5764, 5744, 12902, 4040]